ACCN 5501 5505 5507 5531 5551 5553 5555 5581 5591 
ACCT 2121 3199 3220 3221 3224 3227 3228 4199 4222 4225 4280 4381 4382 4403 5370 
AIRF 1101 1109 1130 2101 2111 2209 2299 3202 3206 3210 3242 3399 
ANTH 1101 1102 1103 1104 1105 1106 2111 2121 2204 2206 2213 2214 2215 2218 2221 2225 2229 2231 2241 2243 2251 2255 2258 2270 2290 2291 3199 3201 3205 3233 3302 3304 3305 3307 3309 3311 3317 3319 3321 3322 3341 3342 3379 3390 3391 4199 4401 4450 4451 4452 4850 5110 5120 
ARTH 1101 1103 2205 2207 2209 3199 3309 3311 3313 3315 3317 3401 3402 4199 4411 4850 
ASTR 1101 1103 1301 1303 2105 2107 3107 
ATTH 2112 2505 3110 3120 3130 3150 3152 3160 3162 4110 4130 4140 4150 4152 5100 
BCEM 2201 3201 3202 4212 4302 
BIOL 0115 0130 1202 1204 1205 1212 1216 1220 1221 2101 2102 2105 2202 2203 2213 2214 2309 3101 3102 3103 3104 3105 3106 3107 3108 3203 3204 3205 3216 3299 3301 4101 4102 4202 4203 4207 4208 4209 4211 4299 4301 4310 5201 5202 
CHEM 0115 0130 1201 1202 1203 1207 2101 2102 2157 2205 2211 2301 2302 2401 2601 3201 3299 3401 3601 3602 3802 4103 4213 4299 4301 4411 4602 4610 4611 4701 4801 5201 5202 
CHIN 1105 1107 2217 3199 4199 
CHST 3101 3103 3105 3107 3202 3204 3206 4103 4105 4204 5101 5202 
CLAS 1111 
CNST 1131 2221 2233 3199 3730 4199 
COMM 1199 1281 1299 1401 1402 1404 1405 1600 1610 1620 1661 1700 1707 1709 1720 1727 1728 1841 1845 1849 2400 2401 2402 2404 2405 2500 2501 2503 2663 2666 2667 2670 2673 2680 2803 2845 2849 3401 3403 3404 3405 3500 3501 3503 3511 3513 3515 3521 3600 3605 3610 3611 3620 3665 3670 3680 3705 3707 3709 3717 3720 3727 3729 3735 3737 3740 3747 3759 3777 3797 3799 3841 3843 3847 3851 3855 3860 3865 3890 4490 4491 4501 4620 4650 4665 4679 4680 4690 4691 4692 4705 4707 4709 4711 4717 4727 4729 4737 4747 4757 4790 4791 4792 4841 4845 4847 4849 4851 4860 4890 4891 4892 
COMP 1001 1103 1104 1199 1205 1207 1209 1299 1370 1501 1502 1615 1631 1633 2001 2002 2008 2503 2511 2521 2531 2541 2613 2631 2633 2635 2655 2659 3008 3012 3307 3309 3504 3512 3532 3533 3551 3553 3591 3649 4401 4409 4513 4522 4535 4543 4545 4555 5590 
COOP 0001 0002 0003 0004 
CRJS 1001 1003 1011 1013 1199 1299 2001 2003 2004 2005 2006 2008 2009 2011 2013 2015 2017 2019 3001 3005 3007 3009 3011 4001 4002 4003 4007 4013 4015 4017 4021 4401 5001 5010 5020 5025 
CRWT 1117 1118 2264 2265 2266 2267 2268 3305 3362 3368 4802 
CYCC 1110 1130 1132 1142 1199 1299 2216 2221 2226 2232 2235 2241 2242 
DEST 1101 3201 3301 
ECOL 1111 1210 2201 2219 
ECON 1101 1103 1109 1143 1170 2211 2213 2215 2221 2223 2229 2241 2244 2255 2261 2263 2270 3101 3199 3305 3357 3359 3395 3401 4199 
EDUC 1209 1231 1233 2261 2271 2312 2321 2325 2341 2371 2375 3010 3090 3102 3103 3106 3108 3199 3201 3351 3361 3362 3372 4020 4030 4101 4104 4105 4107 4199 4201 4321 4325 4471 
ELCC 1104 1109 1110 1180 1199 1299 2110 2121 2209 2211 2213 2215 2282 2285 
ENGL 0115 0130 0212 1101 1131 1135 1137 1151 1152 2141 2202 2205 2207 2210 2211 2216 2228 2248 2249 2263 2270 2271 2273 2291 2292 2293 2294 2295 2298 2299 2301 3199 3246 3256 3266 3304 3306 3308 3309 3310 3311 3312 3313 3323 3324 3327 3330 3331 3340 3341 3342 3343 3344 3345 3350 3353 3372 3382 3390 3394 3397 3900 4199 4401 4410 4420 4440 4443 4446 4701 4702 4801 4900 5110 
ENTR 1232 2010 2201 2299 2301 3251 3302 3305 3331 3333 3350 3360 3370 3399 3730 4331 4332 4343 4344 4420 4433 4434 4435 4461 
ENVS 1105 1111 1199 1299 2020 2100 2201 2203 2215 2221 3020 3303 3305 3307 3323 3333 3335 3336 4201 4405 4406 4407 4413 4417 4419 4421 4423 4431 4433 4441 
ETOL 2011 2230 2270 3011 3230 3270 3305 3307 3309 4270 5010 5200 
FILM 1143 2221 2231 2246 2251 2260 2270 3199 3345 3349 3370 3701 4199 
FLTR 1100 1101 1102 1103 1105 1201 1202 1203 1204 1300 1301 1302 1303 1304 1305 2100 2102 2103 2104 2105 2106 2201 2202 2203 2204 2300 2301 2302 2303 2304 2305 
FNCE 2130 2132 3201 3203 3205 3207 3227 3228 3302 3304 3399 4407 4408 4409 4499 5010 
FREN 1109 1111 1113 2216 2218 2235 2237 2250 3199 3325 3335 3339 3341 3342 3343 3349 4199 4435 4439 
GEOG 1101 1102 1103 1105 2107 2109 2111 2225 2230 2235 2333 2335 2337 2437 2443 2445 2553 2555 3107 3109 3199 3309 3445 3447 3553 4129 4199 4329 4440 
GEOL 1101 1103 1109 1151 2103 2105 2107 2109 2111 2151 2153 2155 2157 2300 3103 3107 3109 3111 3113 3115 3199 3300 3315 3401 4101 4103 4105 4107 4109 4111 4113 4199 4300 4515 4601 4607 5201 5202 
GNED 1101 1102 1103 1201 1202 1203 1301 1303 1304 1401 1403 1404 2203 2302 2402 3010 3030 3101 3201 3301 
HIST 1100 1101 1103 1111 1117 1119 1131 1133 2108 2202 2204 2205 2206 2207 2208 2209 2210 2212 2213 2215 2216 2220 2229 2232 2236 2237 2238 2239 2241 2243 2247 2255 2263 2271 2273 2291 2322 3199 3201 3304 3306 3318 3319 3329 3333 3335 3336 3343 3345 3346 3356 3357 3358 3361 3365 3373 3383 3385 3802 4199 4401 4402 4404 4405 4406 4411 4420 4451 4455 4461 4486 4731 4732 4733 5110 5120 
HLTH 1117 1213 1399 2250 3101 3103 3105 3107 3109 3211 3217 3219 3221 3313 3415 4462 
HPED 1000 1010 1020 1040 1070 1640 2030 2050 2507 2510 2514 25202703 2810 2830 2832 2850 2851 2852 2870 2871 2872 2873 2875 2880 2881 2882 2883 2884 3010 3030 3050 3199 3270 3320 3630 3740 3850 3884 4199 4709 4711 
HRES 2170 2299 3274 3275 3277 3278 3399 4273 4275 4407 5101 
HUMN 1109 1111 2201 2219 2221 2297 3199 4199 
INFO 3675 
INBU 2201 2299 3301 3302 3304 3305 3306 3307 3399 3730 3901 4408 
INDS 1141 1142 1144 1241 1242 1243 1244 2010 2141 2142 2143 2144 2241 2242 2243 2244 3010 3141 3142 3143 3144 3199 3241 3242 3244 3345 4141 4142 4143 4199 4245 5241 
INST 1101 1111 2710 2720 2730 3710 
INTS 1240 2301 3331 
ITAL 1101 1103 3199 4199 
JPNS 1105 1107 2209 3199 4199 
LAST 1101 2201 2202 
LING 1111 1113 2201 2203 2207 2215 2221 2231 2241 3199 3315 3371 4199 
LSCM 2201 2301 3203 3303 3305 3307 3402 3403 3407 4409 4411 
MATH 0115 0130 0131 0132 1102 1103 1150 1185 1200 1202 1203 1205 1211 1217 1219 1224 1271 1301 1505 2101 2150 2200 2233 2234 2235 2251 2301 2302 2307 2311 2319 2321 2323 2333 2444 3101 3200 3201 3202 3303 3325 4101 4102 4103 4104 4199 4201 4299 
MDWF 1001 1003 1005 2001 2003 2005 2100 2101 2150 3001 3100 3101 3150 3151 3175 3176 4100 4101 4150 4151 4175 
MECU 1101 4401 
MGMT 2130 2131 2262 2263 2275 2299 3210 3230 3265 3269 3276 3353 3399 4230 4402 4403 4407 4431 5110 5120 5333 
MIBI 1217 
MKTG 2150 2154 2299 3150 3258 3399 3450 3458 3550 3558 4150 4850 4858 
NTSC 1112 1115 2115 2201 3000 3301 3321 
NTST 0130 
NURS 1111 1112 1213 1214 2111 2112 2113 2114 2215 2216 3102 3104 3112 3114 3122 3124 3132 3134 3142 3144 4111 4112 4420 4422 4425 4426 4427 4465 5114 
ORIE 0100 0200 0300 
PHED 1050 1171 1201 1203 1239 1249 1293 1295 1296 1297 2102 2104 2106 2108 2110 2201 2255 2257 3150 3350 3352 3354 3356 
PHIL 1101 1130 1149 1175 1179 2204 2211 2215 2216 2219 2221 2223 2229 2237 2241 2253 2263 2267 2281 2282 2291 3199 3307 3333 3345 3350 3368 4199 4730 
PHYL 1310 1512 1530 1550 2510 2514 2520 3320 3514 3516 3518 3720 4203 4340 4518 4720 5300 
PHYS 0130 1104 1201 1202 2101 2103 2107 2201 2203 2221 2401 3103 3199 3401 3601 3602 4199 4602 4610 4611 5201 5202 
PLSC 1101 1123 1183 2208 2210 2211 2227 2231 2237 2243 2259 2287 2298 3199 3229 3303 3305 3351 3382 3411 3485 3489 4199 4431 
POST 2201 2208 2209 3030 3303 3305 4421 4431 4443 5010 5020 5120 
PSYC 1103 1104 1105 2210 2211 2213 2219 2235 2245 2265 2275 2283 2285 3199 3301 3302 3305 3307 3320 3327 3343 3344 3346 3351 3353 3355 3357 3367 3369 3390 3406 4199 4401 4403 4404 4405 4412 4413 4451 4455 4465 4483 4484 4485 4900 4901 5110 5120 
RELS 1101 1103 1104 1105 2208 2209 2212 2243 2251 2252 2253 2254 2255 2260 2279 2281 3199 3302 3305 3312 3322 3333 3352 3353 3360 3378 4199 4400 4403 
SCIE 0110 0130 5010 5020 
SINV 2201 2205 2247 3203 3303 3305 3730 4401 4402 5010 5405 
SLGY 1101 2131 2218 2229 2232 2233 2235 2253 2255 2265 2271 2273 2275 2277 3199 3233 3304 3309 3321 3323 3333 3335 3345 3351 3370 3372 3731 4199 4203 4411 4415 4419 4421 4431 4435 4731 4733 5010 5110 5120 
SLWK 1114 1187 1199 1215 1216 1287 1299 2217 2218 2221 2222 2223 2224 2297 3301 
SOSC 0130 
SPAN 1101 1103 2211 2213 2219 2220 2221 2223 3199 3305 3309 3312 3313 3315 3317 3319 3327 3331 3335 3341 4199 4401 4411 4413 4415 4417 4421 4431 4435 
SPCH 1120 1199 1299 2001 2003 2005 2007 3001 3009 
SRMG 1400 2400 2440 3400 5400 
UGST 1001 1002 1003 1004 
WGST 1172 2205 2207 2221 2239 2283 3199 3301 3302 3309 3310 3311 3345 3346 3850 4199 4401 
XFDC 20001 20002 20004 20005 20007 20008 20010 20012 20013 20014 20016 20017 20018 20019 20020 20021 20022 20023 20024 20025 20101 20102
XMAT 20001 20002 20003 20004 20005 20006 20200 20401 20501 20600 20700 20701 20702 20801 20910 20911 20912 20913 21001 21021 21022 21023 21030 21031 21040 21051 21061 21070 21090 21091 21092 21101 21102 21110
XPFT 20001 20002 20104 20200 20201 20300 20400 20401 20402 20600 21001 21002 21003 21004 21005 22001 22002 22003 22004 22005 22006 22007