PHIL 201 249 259 264 279 301 303 305 307 309 311 313 314 315 317 325 329 330 331 333 335 337 345 347 359 361 367 377 379 383 395 397 399 401 403 405 407 408 411 412 423 425 449 451 453 461 467 471 473 479 483 499 501 505 507 517 519 523 525 527 547 549 553 561 565 567 571 579 583 590 595 597 599 601 603 609 623 627 649 653 661 667 671 677 679 683 691 695 
PHED 321 333 349 
PHYS 106 211 221 223 227 255 259 271 303 321 323 325 341 343 365 369 371 375 381 397 443 449 451 455 457 481 497 501 507 509 521 543 561 575 577 581 593 597 598 599 603 605 609 611 613 615 617 619 621 629 663 671 673 675 677 691 697 699 701 
PLBI 327 401 403 421 507 528 530 541 543 633 
POLI 201 213 279 283 302 310 321 343 345 357 359 369 371 379 381 397 398 399 402 406 407 409 411 413 415 417 424 425 426 427 428 429 430 431 432 433 435 439 440 444 447 451 453 455 463 464 465 469 470 471 473 477 479 481 483 485 487 491 502 503 505 506 515 519 521 523 524 525 531 543 551 554 561 565 569 575 579 581 585 587 590 591 597 605 606 615 617 619 621 623 624 631 633 641 643 651 653 665 671 673 675 681 683 684 685 686 687 689 691 693 699 715 721 723 725 741 755 781 791 
PSYC 200 201 203 204 300 301 305 321 345 349 351 353 365 369 375 383 385 400 405 407 411 415 417 425 427 429 430 431 433 435 437 439 442 443 445 447 449 451 455 457 459 463 467 469 471 473 474 475 477 478 479 481 483 491 493 495 497 499 501 502 503 504 505 521 531 585 591 598 601 607 611 613 615 617 619 620 625 630 639 641 650 651 659 660 671 673 681 683 700 702 703 709 710 712 713 720 730 739 750 751 760 762 765 798 
PPOL 601 603 605 607 609 611 613 615 617 619 621 623 
REAL 317 427 437 447 457 567 717 727 737 747 757 767 
RELS 200 201 203 205 300 301 302 303 305 307 309 310 312 313 314 316 317 319 320 322 323 324 327 329 331 333 335 338 339 341 343 344 345 346 348 349 353 357 359 360 363 367 369 373 377 381 383 385 387 389 397 398 399 417 437 439 440 444 445 447 451 453 461 463 469 473 474 477 479 484 491 577 590 595 601 603 605 607 609 681 683 685 701 703 705 707 709 
RMIN 317 439 449 459 559 579 763 
ROST 299 341 399 499 
RUSS 201 209 301 303 309 311 313 317 331 333 355 360 363 397 400 451 461 463 497 551 561 591 
SCPA 290 399 401 499 501 503 599 601 603 
SCIE 301 311 317 331 403 421 423 427 501 502 507 510 511 529 531 533 601 603 
SLAV 356 
SOWK 201 300 301 302 303 304 305 306 307 355 361 363 365 371 383 391 393 395 397 399 410 411 412 413 551 553 555 557 600 602 604 606 610 612 614 616 620 622 624 626 621 625 627 629 632 633 637 640 641 642 644 645 646 651 653 655 657 659 660 662 664 668 665 667 669 671 673 675 677 679 682 693 695 696 697 699 721 741 743 745 747 749 799 
SOCI 201 205 301 303 307 309 311 313 315 321 325 327 331 333 341 345 353 355 365 371 373 375 377 393 399 401 403 405 407 409 413 419 421 423 425 427 429 435 443 445 453 461 467 471 475 487 493 499 501 590 601 602 603 611 613 615 625 631 653 667 671 677 699 701 702 705 711 715 731 
SENG 300 401 437 438 471 499 501 511 513 515 521 523 533 541 605 607 609 611 615 622 627 629 637 639 641 652 696 
ENSF 337 409 480 519 545 603 604 606 619 
SAST 203 303 499 531 
SPPH 671 
SPAN 201 203 205 301 303 321 323 405 407 421 423 437 441 471 473 475 499 505 523 533 553 555 557 563 567 571 573 581 583 593 598 599 601 613 615 617 619 621 623 625 627 631 633 635 637 639 641 643 
STAT 205 213 217 321 323 327 421 423 425 429 431 505 507 517 519 523 525 529 531 533 541 543 600 601 603 619 625 631 633 635 637 641 701 703 721 723 
STST 601 602 603 609 611 613 649 651 653 655 657 659 662 663 751 753 
SGMA 217 371 403 405 407 409 559 571 573 577 579 589 591 601 707 725 751 775 789 795 796 797 799 
SCMA 451 453 455 559 
SUST 201 401 403 501 503
SEDV 601 603 605 607 609 611 613 615 617 619 621 623 631 640 641 642 699
TAP 201 203 301 303 
TOUR 309 409 
TRAN 301 303 473 499 503 511 513 599 
UNIV 201 203 205 301 401 501 511 513 515 601 611 613 615 
UNEX 200 300 400 500
UBST 253 311 313 394 395 451 461 501 505 591 596 
VETM 300 305 307 320 321 322 323 324 342 343 344 345 360 400 405 407 410 420 421 422 423 424 440 442 443 444 450 451 460 461 462 463 500 505 507 520 521 522 523 530 531 540 541 542 550 551 561 570 580 582 583 584 585 590 601 603 605 610 611 640 690 701 702 721 740 
WMST 201 303 305 311 315 401 405 501 503 590 
ZOOL 269 401 403 435 461 463 507 515 528 530 567 571 575 576 577 581 595 597 697 