ACWR 201 203 303 
ACCT 217 301 323 341 343 361 421 423 425 443 445 465 559 601 603 641 643 661 721 723 725 741 743 745 765 789 797 799 
ACSC 325 327 425 427 437 511 513 515 517 519 527 531 535 537 539 600 611 617 619 627 637 639 
AFST 301 400 501 
ASL 201 203 
ANTH 201 203 210 303 305 309 310 311 313 317 319 321 323 329 331 341 343 349 350 355 357 361 363 371 379 385 391 393 395 399 400 411 412 413 421 425 427 435 441 451 467 479 501 505 523 541 552 553 571 573 589 601 603 605 611 613 631 635 641 659 701 
ALMC 202 204 301 303 309 311 313 317 319 331 333 343 345 353 358 359 
ARKY 201 205 303 306 307 317 321 325 327 329 331 333 335 341 343 345 347 351 353 355 357 395 399 401 411 413 415 417 419 423 437 439 443 451 453 455 471 490 503 505 506 515 521 523 531 533 537 555 591 593 595 596 597 598 601 603 613 615 617 619 621 625 627 631 633 635 637 639 701 703 
ARST 201 423 444 449 451 453 457 484 
ART 231 233 235 241 243 251 271 301 309 311 313 315 317 319 321 323 327 329 331 334 336 338 341 342 343 344 345 347 349 351 353 361 363 365 373 377 379 381 383 397 399 401 405 411 421 431 438 445 451 455 465 475 481 485 491 499 501 503 509 513 560 561 563 565 595 599 601 603 605 609 611 661 691 761 
ARHI 201 203 211 305 311 319 323 325 327 331 333 341 343 357 359 365 367 371 389 411 425 431 471 501 511 513 613 615 617 
ARTS 501 502 503 
ASHA 220 321 421 501 503 
ASTR 207 209 
ASPH 305 307 401 403 409 503 509 607 611 621 
ATTH 491 
BCEM 341 393 401 403 431 443 471 507 528 530 541 543 547 551 553 555 561 575 577 641 731 
BIOL 202 205 241 243 305 307 309 311 313 315 331 371 375 401 435 451 453 501 503 505 515 520 530 591 601 607 609 617 619 703 
BMEN 301 309 401 500 501 509 511 515 519 523 525 585 600 602 604 605 607 609 619 
BIST 600 
BSEN 395 401 449 517 533 551 559 561 595 691 719 749 751 753 761 777 789 793 797 
BTMA 317 321 331 333 431 455 459 461 463 465 467 531 559 601 725 731 735 736 737 743 797 799
CNST 201 333 337 355 361 401 439 451 501 591 597 598 
CMMB 343 403 411 413 421 431 443 451 461 505 507 511 519 523 527 528 530 531 543 545 549 561 563 565 567 637 
CEST 313
ENCH 315 317 331 401 403 405 407 421 423 427 429 501 503 505 511 519 530 531 535 537 539 551 607 609 613 615 617 619 620 621 623 625 627 629 630 631 633 639 643 645 647 649 653 657 659 661 665 677 687 689 698 699 701 703 
CHEM 201 203 209 211 213 301 311 315 321 331 333 351 353 355 357 371 373 379 402 409 417 423 425 453 471 502 515 521 531 533 535 541 551 553 555 559 571 573 575 579 599 601 603 613 615 617 619 621 623 627 629 641 651 653 655 657 659 669 681 689 701 
CHIN 205 207 229 279 301 303 309 311 313 317 331 333 341 353 355 357 363 401 403 431 461 561 
ENCI 317 337 402 413 423 451 461 471 473 481 502 504 508 513 523 551 557 565 570 571 575 581 595 597 611 615 617 619 621 623 627 629 633 635 637 639 641 643 645 647 653 655 657 659 665 667 669 671 673 689 691 693 695 697 699 707 709 711 715 717 741 745 747 749 751 753 
CMCL 201 203 305 307 507 509 
COMS 201 203 313 363 367 369 371 381 383 393 401 413 435 463 469 473 475 477 479 481 485 491 501 502 503 507 581 591 595 597 601 603 613 615 617 619 623 631 641 643 645 647 711 713 717 
MDCH 600 602 603 604 605 610 611 612 626 627 628 629 630 631 640 641 642 643 644 645 646 647 648 649 660 661 662 663 664 665 666 667 680 681 683 687 689 700 710 720 730 740 741 742 760 761 780 
CORE 205 207 209 321 435 471 473 475 485 487 536 537 538 541 543 547 549 553 559 569 583 591 594 595 597 598 624 630 631 632 633 634 641 650 651 652 653 654 655 656 676 730 
COLT 203 399 
CMDA 601 603 
ENCM 335 369 467 501 507 509 511 515 517 519 
CPSC 203 217 219 231 233 235 313 319 329 331 335 355 359 399 405 409 411 413 418 433 441 449 453 457 461 471 481 491 499 501 502 503 511 513 517 518 519 521 522 525 526 527 528 530 531 535 550 559 561 565 567 568 571 572 575 577 581 583 584 585 587 589 591 594 598 599 601 605 607 609 610 611 615 617 619 622 625 626 627 628 629 630 635 641 643 653 657 661 662 667 669 671 672 673 675 681 683 687 689 691 695 696 697 698 699 701 767 771 781 785 789 
COOP 501 503 511 523 543 
DNCE 201 205 207 209 211 213 215 217 221 223 235 243 247 267 295 303 305 307 309 311 313 321 323 331 333 341 343 345 347 359 363 365 375 391 395 397 405 407 411 413 421 423 427 431 433 435 437 447 449 465 475 481 491 493 495 503 505 507 531 571 574 581 591 593 681 
DCED 325 
DATA 201 211 305 311 501 601 602 603 604 605 606 607 608 611 612 613 614 621 622 623 624 
DEST 201 375 393 400 401 403 405 485 501 591 593 
DRAM 203 205 209 210 223 225 242 243 301 302 313 317 319 320 321 345 346 347 348 355 360 365 367 371 381 391 393 400 411 413 419 423 440 455 460 471 481 483 491 493 500 511 513 517 540 560 564 571 572 573 605 607 610 623 625 627 629 647 649 651 660 671 673 
EASC 401 501 
EALS 501 
EAST 201 531 
ECOL 413 417 419 425 429 439 501 507 527 528 529 530 603 
ECON 201 203 209 301 303 311 321 323 325 327 329 337 339 341 345 349 353 355 357 359 365 371 373 377 379 387 389 395 399 401 403 405 423 425 427 431 453 465 471 473 475 477 479 481 483 485 487 489 491 493 495 497 499 527 537 541 557 559 571 599 605 609 611 615 619 621 627 633 635 641 649 651 653 655 657 659 661 667 669 675 677 679 691 693 695 697 705 707 709 711 715 717 723 725 757 759 791 
EDUC 101 201 205 207 209 211 213 215 305 307 309 311 420 427 430 435 440 445 450 456 460 465 520 525 530 535 540 546 551 556 560 570 
EDPS 602 604 606 608 609 610 611 612 614 615 616 617 618 619 621 622 623 624 625 626 627 629 630 631 632 633 634 635 636 637 638 639 640 641 642 643 644 646 648 650 651 652 653 654 655 656 657 658 659 660 661 662 663 664 665 667 668 669 670 672 673 674 675 676 677 678 679 680 681 682 683 684 685 686 687 688 689 690 691 692 693 694 695 696 697 698 701 702 703 705 709 731 732 741 742 760 761 762 763 764 766 788 792 793 794 795 798 
EDER 603 605 613 617 619 621 623 625 629 631 635 641 649 651 653 655 657 659 664 667 668 669 671 673 675 677 678 679 681 682 683 684 685 687 688 689 692 693 696 697 698 700 701 703 705 707 708 709 710 719 733 735 741 764 768 770 771 772 773 774 775 777 778 779 780 781 783 784 785 786 787 798 
ENEL 101 102 300 327 343 353 361 400 419 441 453 469 471 475 476 487 489 500 503 514 519 525 529 541 559 562 563 565 567 569 571 573 574 575 584 585 587 591 592 593 594 597 599 601 602 603 604 606 609 611 613 615 617 619 623 625 627 629 631 633 635 637 641 645 647 649 651 653 657 659 661 663 667 671 675 683 685 687 691 693 695 697 698 
ENEE 355 501 503 505 507 519 573 575 577 
EESS 601 603 606 607 619 
ENER 240 260 300 340 350 360 400 425 460 480 560 570 
ENMG 301 403 485 487 489 
ENGG 200 201 202 209 213 225 233 311 317 319 349 391 393 407 481 501 502 503 504 513 515 517 519 521 523 599 601 603 681 682 683 684 
ENGL 201 203 205 265 302 303 305 307 309 311 322 335 336 351 353 361 372 376 378 381 382 387 388 393 395 396 399 401 403 405 406 410 411 412 413 422 426 429 431 436 438 441 445 449 451 453 459 461 463 465 471 472 473 477 479 481 486 487 491 493 495 499 504 508 509 515 517 519 520 523 525 527 529 593 594 595 598 603 605 607 609 677 681 685 691 693 694 695 698 710 
ENTI 201 317 381 401 403 405 531 559 601 731 735 781 783 785 787 789 791 793 797 799 
EVDS 401 523 583 597 601 603 616 620 621 622 624 628 630 632 634 636 640 643 650 652 654 656 660 662 664 668 671 675 683 697 703 711 723 753 783 793 797 
EVDA 511 523 541 543 580 582 611 613 615 617 619 621 661 665 682 703 782 
EVDL 603 605 607 609 629 639 641 643 645 667 668 767 777 
EVDP 602 611 621 625 626 627 632 633 634 635 636 637 644 
ENEN 603 605 619 620 621 623 625 627 631 633 635 637 641 643 651 653 655 661 663 665 671 673 681 682 691 693 
ENSC 201 401 501 502 503 504 505 
FILM 201 203 301 305 307 321 323 331 333 351 401 403 405 407 409 441 451 461 471 501 509 591 595 597 
FNCE 317 341 343 443 445 447 449 451 461 463 465 467 471 473 475 477 479 559 601 737 745 751 753 755 757 759 765 767 777 785 789 795 797 799 
FINA 201 501 503 507 601 603 607 
FREN 209 211 213 225 227 291 329 339 343 353 369 391 393 399 439 449 453 455 457 459 463 489 499 511 525 539 543 549 565 579 598 599 605 609 625 635 637 639 655 675 685 689 691 695
GEOG 205 211 213 231 251 253 305 307 311 313 315 317 321 333 339 340 341 351 357 361 365 367 371 377 381 391 392 393 394 395 397 403 407 411 413 415 417 421 425 429 433 437 439 451 457 463 465 470 479 503 507 509 516 519 521 522 529 533 553 565 567 591 593 596 597 598 599 601 603 605 607 621 633 639 647 681 683 685 687 689 691 695 696 697 699 795 797 799 
GLGY 201 202 209 301 305 307 308 313 323 333 337 343 353 377 381 401 403 431 433 435 441 445 463 471 475 483 493 505 509 510 523 527 535 537 541 543 545 555 561 571 577 579 581 587 597 599 601 602 605 607 609 611 615 623 633 637 639 641 647 655 660 663 675 683 691 697 698 699 701 703 705 707 733 
ENGO 319 327 333 343 351 363 401 419 421 423 431 435 443 451 455 465 500 501 531 545 551 559 563 567 573 579 581 583 585 601 615 617 620 623 625 629 633 637 638 639 642 645 658 667 675 681 691 693 694 697 698 699 
GOPH 351 355 375 419 453 457 509 517 547 549 551 557 559 565 599 619 645 657 665 667 669 671 673 681 687 695 699 701 703 705 
GERM 200 202 204 305 317 331 333 349 353 357 359 369 413 415 451 467 469 497 501 503 551 561 591 627 629 631 696 699 
GREK 201 203 301 303 401 403 551 601 602 604 607 
GRST 205 209 211 305 306 309 311 313 315 317 321 323 325 327 335 337 339 341 345 347 355 357 413 415 417 419 421 423 425 431 433 445 447 455 457 459 483 491 494 499 501 504 525 551 601 603 651 
HSOC 201 301 311 401 403 408 591 
HTST 200 201 202 203 204 209 211 213 300 303 305 307 308 317 319 321 326 327 332 333 337 338 340 341 345 347 349 351 354 357 359 361 365 367 372 381 383 395 397 398 402 404 406 408 410 412 413 422 425 426 427 431 435 436 437 439 442 443 447 450 458 460 461 462 463 464 467 471 472 473 476 483 485 486 487 488 489 490 491 493 494 495 496 510 511 514 517 518 520 521 523 526 528 529 530 535 537 539 540 541 544 545 547 551 565 569 591 593 597 598 601 603 607 623 633 637 639 641 645 647 651 653 655 673 675 690 691 791 795 
HUMN 200 305 307 
INDL 205 207
INDG 201 303 305 311 312 317 343 397 399 401 407 415 502 503 
ISEC 601 603 605 621 623 625 641 643 645
INNO 321 323 
IFPX 150 153 157 160 163 167 230 235 236 237 240 242 246 248 250 257 270 273 277 280 283 287 290 293 297 332 334 340 342 346 350 357 451 455 459 559 651 655 
IFPB 201 203 213 217 227 231 
IFPE 200 201 202 209 211 225 233 259 275 277 621 682 683 684 
INTR 301 501 597 
INTE 503 513 591 601 602 603 604 
IPHE 501 503 598 601 603 605 607 609 611 
ITAL 201 203 301 303 305 307 309 317 401 403 405 407 409 499 501 502 597 599 
JPNS 201 205 207 301 303 309 311 313 317 323 325 327 331 333 341 441 451 461 471 
KNES 201 203 213 237 244 251 253 259 260 263 303 311 321 323 330 331 335 339 343 344 351 355 363 365 367 369 371 372 373 375 377 381 391 393 395 397 399 403 413 420 431 433 435 437 441 443 444 445 451 460 463 465 466 469 475 479 485 487 490 491 493 495 497 499 503 504 569 593 603 604 605 606 609 611 615 617 637 663 673 691 692 697 703 704 715 717 773 775 785 
LANG 200 300 400 451 500 599 605 615 625 699 
LLAC 601 602 603
LATI 201 203 205 207 301 303 401 403 551 601 602 604 607 
LAST 211 301 303 311 401 501 
LAW 400 402 403 404 406 407 408 410 503 505 507 508 509 510 511 515 519 521 525 527 529 530 531 533 535 536 537 543 547 549 551 553 557 559 561 563 565 567 569 571 573 575 577 579 581 583 585 587 589 591 593 594 595 596 597 598 599 601 602 605 607 612 613 615 617 618 619 621 623 624 625 626 627 628 630 631 634 636 637 641 645 647 648 650 653 656 663 667 673 674 677 678 683 685 686 687 688 689 690 691 692 693 694 695 696 697 698 699 703 705 706 
LWSO 201 203 313 335 337 401 413 415 425 501 590 591 
LING 201 202 221 223 225 227 301 303 309 316 319 337 341 349 353 373 377 381 401 403 407 416 419 441 451 453 455 467 505 507 511 512 516 519 531 551 553 560 571 598 599 600 605 611 613 631 633 635 651 660 697 699 797 
MGST 217 301 359 391 451 453 501 503 511 559 571 597 611 613 703 705 709 711 713 715 741 743 745 747 751 770 773 781 783 789 791 793 794 795 797 799 
ENMF 417 501 503 509 514 517 527 529 533 605 607 609 618 619 621 623 698 
MRSC 321 420 430 440 450 451 500 501 502 503 505 507 509 511 515 525 537 540 544 546 572 574 582 600 601 602 
MKTG 317 341 431 433 435 449 465 467 477 479 483 487 493 559 601 735 741 761 763 783 785 789 793 795 797 799 
MATH 177 205 209 211 213 249 265 267 271 273 275 277 305 307 311 313 315 318 319 322 325 327 331 335 355 361 367 371 375 376 377 383 391 401 403 413 415 429 431 433 445 447 476 493 501 502 503 505 511 515 516 518 521 525 527 545 581 583 600 601 603 605 607 617 621 625 627 631 635 637 641 643 647 651 653 661 663 667 669 681 683 685 691 693 
ENME 101 317 337 341 421 461 471 473 479 485 493 495 505 519 521 538 547 560 583 585 587 595 597 599 603 605 607 613 615 619 620 622 624 626 628 630 631 632 633 634 636 637 638 639 640 641 643 650 653 660 663 665 667 669 683 685 698 708 713 
MDGE 601 602 603 604 605 606 607 608 609 621 622 623 624 625 626 627 628 629 630 631 632 633 634 651 652 653 654 655 755 799 
MDPH 623 625 632 633 637 638 639 711 712 721 722 731 741 
MDSC 203 205 307 308 321 341 351 397 401 402 403 404 407 408 409 415 417 419 501 503 507 508 509 515 517 519 521 528 535 541 543 545 561 565 567 569 603 604 605 609 611 613 619 620 621 622 623 624 629 631 633 635 636 637 638 639 640 641 663 670 671 673 674 675 676 677 678 679 685 689 701 703 706 707 708 710 713 721 722 740 744 745 746 747 748 749 750 751 755 
MDCN 320 330 340 350 360 370 402 410 420 440 450 460 470 480 490 502 504 506 508 510 512 514 515 516 520 522 
MHST 201 331 333 401 433 501 533 
MUSI 105 127 203 209 211 213 221 223 225 231 233 255 301 302 303 304 305 309 311 313 321 323 325 327 329 331 333 334 336 341 343 351 355 401 402 403 405 415 417 421 423 427 429 441 443 445 447 451 453 462 511 513 521 523 525 527 531 533 535 551 560 561 562 611 613 615 621 623 625 629 631 633 641 645 651 653 661 711 733 741 751 753 761 
MUED 331 333 401 403 413 415 417 555 655 671 695 697 755 771 
MUPF 201 203 205 211 213 215 221 223 225 227 229 241 245 301 303 305 311 313 315 321 323 325 327 329 341 345 632 634 641 643 645 
NANS 301 401 443 502 511 599 
NEUR 201 301 321 401 411 421 474 475 477 478 479 500 506 507 511 521 531 
NURS 201 203 205 207 209 211 213 221 222 223 224 227 285 287 288 289 301 302 303 305 307 309 311 327 385 387 388 389 401 402 403 404 405 406 411 421 441 461 485 487 488 489 495 497 498 499 501 502 503 517 531 533 537 539 543 585 589 599 601 603 605 607 609 611 617 621 623 627 629 633 634 642 644 646 650 661 663 665 683 701 705 707 711 721 723 733 769 783 
OPMA 301 317 401 403 405 407 409 411 415 419 559 601 715 719 731 743 745 797 799 
OBHR 317 321 401 403 405 407 421 449 491 493 559 601 631 691 721 723 725 727 729 731 733 741 745 789 793 797 799 
ENPE 313 423 429 505 507 509 511 513 515 519 521 523 525 531 533 543 551 561 563 571 573 621 622 623 624 625 626 627 
PLMA 475 477 573 579 583 587 
PHIL 201 249 259 264 279 301 303 305 307 309 311 313 314 315 317 325 329 330 331 333 335 337 345 347 359 361 367 377 379 383 395 397 399 401 403 405 407 408 411 412 423 425 449 451 453 461 467 471 473 479 483 499 501 505 507 517 519 523 525 527 547 549 553 561 565 567 571 579 583 590 595 597 599 601 603 609 623 627 649 653 661 667 671 677 679 683 691 695 
PHED 321 333 349 
PHYS 106 211 221 223 227 255 259 271 303 321 323 325 341 343 365 369 371 375 381 397 443 449 451 455 457 481 497 501 507 509 521 543 561 575 577 581 593 597 598 599 603 605 609 611 613 615 617 619 621 629 663 671 673 675 677 691 697 699 701 
PLBI 327 401 403 421 507 528 530 541 543 633 
POLI 201 213 279 283 302 310 321 343 345 357 359 369 371 379 381 397 398 399 402 406 407 409 411 413 415 417 424 425 426 427 428 429 430 431 432 433 435 439 440 444 447 451 453 455 463 464 465 469 470 471 473 477 479 481 483 485 487 491 502 503 505 506 515 519 521 523 524 525 531 543 551 554 561 565 569 575 579 581 585 587 590 591 597 605 606 615 617 619 621 623 624 631 633 641 643 651 653 665 671 673 675 681 683 684 685 686 687 689 691 693 699 715 721 723 725 741 755 781 791 
PSYC 200 201 203 204 300 301 305 321 345 349 351 353 365 369 375 383 385 400 405 407 411 415 417 425 427 429 430 431 433 435 437 439 442 443 445 447 449 451 455 457 459 463 467 469 471 473 474 475 477 478 479 481 483 491 493 495 497 499 501 502 503 504 505 521 531 585 591 598 601 607 611 613 615 617 619 620 625 630 639 641 650 651 659 660 671 673 681 683 700 702 703 709 710 712 713 720 730 739 750 751 760 762 765 798 
PPOL 601 603 605 607 609 611 613 615 617 619 621 623 
REAL 317 427 437 447 457 567 717 727 737 747 757 767 
RELS 200 201 203 205 300 301 302 303 305 307 309 310 312 313 314 316 317 319 320 322 323 324 327 329 331 333 335 338 339 341 343 344 345 346 348 349 353 357 359 360 363 367 369 373 377 381 383 385 387 389 397 398 399 417 437 439 440 444 445 447 451 453 461 463 469 473 474 477 479 484 491 577 590 595 601 603 605 607 609 681 683 685 701 703 705 707 709 
RMIN 317 439 449 459 559 579 763 
ROST 299 341 399 499 
RUSS 201 209 301 303 309 311 313 317 331 333 355 360 363 397 400 451 461 463 497 551 561 591 
SCPA 290 399 401 499 501 503 599 601 603 
SCIE 301 311 317 331 403 421 423 427 501 502 507 510 511 529 531 533 601 603 
SLAV 356 
SOWK 201 300 301 302 303 304 305 306 307 355 361 363 365 371 383 391 393 395 397 399 410 411 412 413 551 553 555 557 600 602 604 606 610 612 614 616 620 622 624 626 621 625 627 629 632 633 637 640 641 642 644 645 646 651 653 655 657 659 660 662 664 668 665 667 669 671 673 675 677 679 682 693 695 696 697 699 721 741 743 745 747 749 799 
SOCI 201 205 301 303 307 309 311 313 315 321 325 327 331 333 341 345 353 355 365 371 373 375 377 393 399 401 403 405 407 409 413 419 421 423 425 427 429 435 443 445 453 461 467 471 475 487 493 499 501 590 601 602 603 611 613 615 625 631 653 667 671 677 699 701 702 705 711 715 731 
SENG 300 401 437 438 471 499 501 511 513 515 521 523 533 541 605 607 609 611 615 622 627 629 637 639 641 652 696 
ENSF 337 409 480 519 545 603 604 606 619 
SAST 203 303 499 531 
SPPH 671 
SPAN 201 203 205 301 303 321 323 405 407 421 423 437 441 471 473 475 499 505 523 533 553 555 557 563 567 571 573 581 583 593 598 599 601 613 615 617 619 621 623 625 627 631 633 635 637 639 641 643 
STAT 205 213 217 321 323 327 421 423 425 429 431 505 507 517 519 523 525 529 531 533 541 543 600 601 603 619 625 631 633 635 637 641 701 703 721 723 
STST 601 602 603 609 611 613 649 651 653 655 657 659 662 663 751 753 
SGMA 217 371 403 405 407 409 559 571 573 577 579 589 591 601 707 725 751 775 789 795 796 797 799 
SCMA 451 453 455 559 
SUST 201 401 403 501 503
SEDV 601 603 605 607 609 611 613 615 617 619 621 623 631 640 641 642 699
TAP 201 203 301 303 
TOUR 309 409 
TRAN 301 303 473 499 503 511 513 599 
UNIV 201 203 205 301 401 501 511 513 515 601 611 613 615 
UNEX 200 300 400 500
UBST 253 311 313 394 395 451 461 501 505 591 596 
VETM 300 305 307 320 321 322 323 324 342 343 344 345 360 400 405 407 410 420 421 422 423 424 440 442 443 444 450 451 460 461 462 463 500 505 507 520 521 522 523 530 531 540 541 542 550 551 561 570 580 582 583 584 585 590 601 603 605 610 611 640 690 701 702 721 740 
WMST 201 303 305 311 315 401 405 501 503 590 
ZOOL 269 401 403 435 461 463 507 515 528 530 567 571 575 576 577 581 595 597 697 
